%YAML:1.0
---
model_type: KANNALA_BRANDT
camera_name: camera
image_width: 720 
image_height: 540
projection_parameters:
   k2: -0.0854398
   k3: 0.0593602
   k4: -0.11382
   k5: 0.0748464
   mu: 413.098
   mv: 413.569
   u0: 373.104
   v0: 282.623



